91,19,287,24,Locations in the Schoolyard
31,24,61,48,
30,77,63,71,Ground cover
11,156,81,84,Sun/shade
7,256,85,67,Average temperature
98,47,50,23,1
155,49,52,22,2
211,47,52,27,3
269,47,51,27,4
324,48,53,28,5
95,78,54,79,Grass and other plants
154,78,56,77,Asphalt
210,77,53,81,Gravel
264,76,55,79,Trees and grass
323,75,56,85,Asphalt
96,162,56,82,Sun
152,162,55,80,Shade
208,164,56,80,Sun
268,161,54,84,Shade
323,161,53,84,Sun
97,247,56,81,25.5 C
155,247,51,78,28.9 C
210,247,53,77,38.6 C
267,246,53,80,22.4 C
324,247,52,79,39.2 C
