7,5,274,16,Statistical Summary
7,23,150,15,Projection
160,23,120,16,Schmidt (Equal Area)
8,40,149,16,Number of Sample Points:
160,41,121,15,61
8,59,149,15,Mean Lineation Azimuth:
159,60,123,13,82.1
8,75,149,15,Mean Lineation Plunge:
161,77,119,13,62.2
8,92,148,16,Great Circle Azimuth:
159,92,120,16,315.4
7,110,151,15,Great Circle Plunge:
158,110,123,16,67.1
6,126,150,16,1st Eigenvalue:
158,127,123,17,0.442
7,144,150,17,2nd Eigenvalue:
159,145,123,17,0.324
7,161,150,16,3rd Eigenvalue:
160,163,120,15,0.234
5,178,152,16,LN ( E1 / E2 ):
159,179,123,18,0.31
7,195,149,18,LN ( E2 / E3 ):
160,197,121,16,0.326
8,213,148,15,(LN(E1/E2)] / (LN(E2/E3)):
158,212,124,17,0.951
6,230,152,15,Spherical Variance:
159,230,123,16,0.4303
7,245,152,20,Rbar:
160,248,120,16,0.5697
