40,61,181,29,Amount
225,62,396,28,Equals
39,94,183,27,1 teaspoon
226,93,220,30,5 milliliters (ml)
448,92,173,32,
38,123,185,31,1 tablespoon
224,124,219,29,3 teaspoons
450,126,171,25,1/2 fluid ounce (fl. oz.)
39,154,181,32,1/8 cup
224,153,221,31,2 tablespoons
446,153,175,29,1 fl. oz.
39,186,181,29,1/4 cup
223,185,221,30,4 tablespoons
448,187,171,28,2 fl. oz.
39,216,183,33,1/3 cup
225,217,222,27,5 tablespoons & 1 teaspoon
449,215,170,33,2 3/4 fl. oz.
40,250,178,27,1/2 cup
224,248,220,30,8 tablespoons
446,247,176,29,4 fl. oz.
39,279,182,29,2/3 cup
225,279,220,30,10 tablespoons & 2 teaspoons
447,279,176,32,
40,309,182,34,3/4 cup
223,310,221,29,12 tablespoons
447,311,175,28,6 fl. oz.
39,340,183,32,1 cup
223,340,224,31,16 tablespoons
447,342,173,28,8 fl. oz.
40,372,180,31,1 pint
223,374,222,27,2 cups
448,372,172,30,16 fl. oz.
40,403,180,32,1 quart
223,404,223,28,4 cups
448,404,172,28,2 pints
39,435,181,30,1 liter
224,435,221,30,34 fl. oz.
448,436,175,29,
40,468,179,27,1 gallon
223,466,222,30,16 cups
447,466,175,28,4 quarts
39,498,181,29,1 fl. oz.
223,498,224,28,28 grams
448,496,172,31,30 ml
39,529,183,31,1 pound
224,529,219,28,454 grams
445,529,176,28,
40,560,181,30,
223,560,221,30,
447,559,175,31,
40,593,181,31,
223,593,225,26,
450,592,173,31,
39,624,184,29,
223,622,222,29,
449,622,173,31,
40,655,184,29,
224,654,221,28,
448,653,174,30,
