12,55,162,66,
177,58,71,64,FY 2006 Actual
252,56,68,66,FY 2007 President's Budget
325,56,71,66,FY 2007 Estimate
398,56,78,66,FY 2008 Estimate
480,56,85,67,Change from FY 2007 Estimate
12,124,162,32,Labor/HHS Discretionary Budget Authority (B.A.)
12,157,164,17,Interior B.A.
13,175,162,17,Total Discretionary B.A.
12,192,162,16,Type I Diabetes Initiative
11,209,164,15,Total B. A.
11,226,163,18,NIH Program Level
13,245,162,14,Number of Competing RPGs
14,260,160,15,Total Number of RPGs
14,277,162,14,FTEs
178,124,71,30,8,287
252,125,73,33,8,190
325,125,72,32,8,389
400,126,77,29,8,621
479,124,88,32,33
177,158,72,15,9
251,158,72,14,8
326,159,72,14,9
400,159,78,14,8
479,158,89,17,-
177,176,72,14,8,366
250,175,72,14,8,268
325,175,72,14,8,468
401,177,78,14,8,700
480,176,89,15,32
176,192,75,17,50
251,192,70,15,50
325,193,73,13,50
399,192,79,14,50
478,192,89,17,bash
176,211,72,14,8,516
250,209,73,18,8,418
326,209,74,16,8,618
401,210,78,13,8,850
479,210,90,14,32
176,225,74,17,8,524
253,227,70,14,8,427
326,225,73,15,8,626
400,227,77,14,8,858
480,227,87,16,32
176,244,73,12,9,129
250,244,74,15,9,144
326,243,72,16,9,622
399,244,78,15,10,188
479,244,89,16,566
177,258,72,17,38,313
251,259,73,15,37,566
328,260,69,13,38,089
400,260,78,16,38,063
480,263,89,13,-26
177,277,72,17,16,880
252,276,72,15,17,456
328,274,70,19,17,216
400,278,75,14,17,459
479,277,88,15,+243
