16,14,636,18,Salary by Region
15,34,129,17,Employee Name
146,33,114,17,Region
262,33,121,19,Job Title
383,33,268,18,Salary
15,54,128,15,Coco Crisp
15,73,127,15,Saran Wrap
15,90,127,37,Strawberry Shortcake
14,130,128,35,Spongebob Squarepants
15,166,128,17,Handy Dandy
14,183,128,20,Chips Ahoy
15,204,127,18,Rice Crispy
14,222,131,19,Barbie Doll
14,242,129,18,Sand Man
16,261,128,18,Salad Dish
145,51,116,20,Region 1
147,72,111,16,Region 1
146,90,114,36,Region 2
146,129,112,33,Region 2
147,166,111,18,Region 3
148,184,112,19,Region 3
146,203,113,19,Region 4
145,223,114,18,Region 4
148,242,109,16,Region 5
147,262,114,17,Region 5
262,52,118,19,Sales
261,71,120,18,Manager
262,90,120,36,Sales
261,126,121,39,Manager
262,166,118,17,Sales
258,182,123,21,Manager
262,203,118,17,Sales
263,224,119,14,Manager
260,242,120,17,Sales
263,261,118,19,Manager
13,279,368,17,Total
383,52,269,19,$ 34,000.00
383,72,270,19,$ 56,500.00
382,91,270,38,$ 38,000.00
383,129,268,36,$ 62,750.00
382,167,271,18,$ 45,000.00
381,185,270,17,$ 79,000.00
383,204,268,17,$ 43,500,00
382,222,272,19,$ 72,750.00
383,242,269,20,$ 34,750.00
383,263,269,16,$ 62,750.00
382,281,270,16,29,000.00
