4,2,140,30,Type of radiation
145,3,134,31,Wavelength (m)
280,6,125,28,Frequency (Hz)
405,4,102,28,Speed (m/s)
5,36,140,27,Radio Waves
4,63,140,29,Microwave
2,93,142,30,Infrared
0,123,145,33,Visible
3,157,141,28,Ultraviolet
3,185,142,32,X-Ray
3,217,141,27,Gamma Ray
144,33,134,29,103
145,62,132,32,10-2
145,95,133,28,10-5
146,125,130,31,0.5x10-6
146,158,130,25,10-8
146,184,131,31,10-10
146,216,129,29,10-12
279,35,126,27,104
279,64,125,30,108
279,95,125,28,1012
278,122,125,31,1015
278,155,126,28,1016
280,185,122,29,1018
278,215,125,29,1020
407,35,100,28,299,792,458
406,64,102,28,299,792,458
405,94,103,29,299,792,458
404,125,103,28,299,792,458
407,156,100,27,299,792,458
405,184,103,29,299,792,458
404,214,103,30,299,792,458
