1,1,63,19,Duration
64,3,81,19,Start Date
146,1,88,21,End Date
236,2,172,20,Description
1,23,61,17,25
0,43,61,20,8
2,64,60,18,12
3,83,59,19,23
1,104,61,17,35
2,122,59,18,1
1,141,61,20,1
0,163,64,18,1
1,183,63,18,1
1,203,62,19,1
2,223,62,19,1
3,243,59,19,1
63,23,81,20,7/1/2012
64,44,80,18,7/25/2012
64,63,79,17,8/4/2012
63,82,81,18,9/8/2012
63,101,83,20,10/4/2012
62,122,84,21,5/24/2013
63,143,83,17,6/14/2013
63,161,81,19,7/21/2013
63,182,81,19,8/12/2013
65,204,78,17,9/5/2013
65,223,78,17,10/20/2013
63,243,81,17,12/18/2013
147,22,85,18,7/25/2012
147,43,84,15,8/1/2012
149,62,81,19,8/15/2012
147,83,85,18,9/30/2012
147,102,84,18,11/7/2012
148,122,84,17,5/24/2013
148,143,82,17,6/14/2013
148,163,84,17,7/21/2013
147,182,87,18,8/12/2013
148,203,83,18,9/5/2013
148,222,85,20,10/20/2013
147,241,85,23,12/18/2013
234,23,173,18,Submittal
232,42,175,19,Submittal Approval
234,62,170,19,Order Equipment
231,81,176,20,Install Dell A and B
233,102,173,19,Install Juniper Switching
235,122,172,21,Project Approval
234,143,174,18,Assign Project Manager
235,162,172,18,Data Backup
235,183,171,20,Checkpoint A
233,204,172,19,Training Day
236,223,171,19,Manufacturer Certification
234,244,172,17,Sign Off
