1,40,39,32,Yt+
59,41,57,31,X
168,40,91,36,Z ($)
339,42,56,29,Yt+
417,42,36,28,X
514,41,70,28,Z ($)
0,81,35,22,4
2,105,29,19,5
2,125,30,21,6
3,146,27,20,7
3,167,21,20,8
2,189,20,17,9
0,208,26,20,10
0,229,22,19,11
0,251,25,18,12
0,271,26,19,13
0,292,28,19,14
0,314,28,21,15
1,336,23,16,16
0,352,25,24,17
1,376,25,18,18
1,395,24,20,19
0,417,23,20,20
0,439,20,17,21
0,459,21,17,22
0,479,24,21,23
70,83,51,21,0.999
69,105,48,18,0.999
70,125,51,18,0.999
66,146,55,20,0.999
64,167,53,20,0.999
64,188,58,19,0.999
64,208,54,19,0.999
64,230,56,18,0.999
63,250,57,18,0.999
61,268,59,22,0.999
60,292,60,19,0.999
58,311,61,19,0.999
57,330,63,22,0.999
60,354,64,21,0.999
64,377,57,18,0.999
66,397,56,21,0.999
67,418,55,21,0.999
67,440,52,17,0.999
68,458,51,19,0.999
69,477,53,22,0.999
169,80,123,24,999,000,000.00
170,104,122,22,998,001,000.00
169,126,124,18,997,002,999.00
170,145,120,21,996,005,996.00
170,167,119,19,995,009,990.00
169,187,122,19,994,014,980.01
170,206,120,21,993,020,965.03
170,228,119,20,992,027,944.07
168,248,121,22,991,035,916.13
167,271,123,21,990,044,880.21
168,294,123,16,989,054,835.33
169,311,120,22,988,065,780.49
170,333,117,19,987,077,714.71
171,354,119,20,986,090,637.00
169,377,121,16,985,104,546.36
170,395,119,21,984,119,441.82
169,417,119,18,983,135,322.37
169,435,117,21,982,152,187.05
170,457,115,22,981,170,034.86
169,480,116,20,980,188,864.83
350,81,24,19,4
352,105,23,17,5
351,125,24,18,6
351,146,23,16,7
351,166,24,20,8
349,188,24,18,9
349,210,23,16,10
346,229,27,19,11
343,248,32,22,12
342,269,34,20,13
342,290,35,20,14
342,311,33,21,15
341,336,38,18,16
338,355,40,20,17
340,376,36,19,18
339,395,36,20,19
338,416,36,18,20
341,437,32,18,21
342,456,32,22,22
342,480,35,19,23
416,81,62,23,0.998
416,105,59,21,0.998
417,127,54,17,0.998
416,145,61,18,0.998
416,164,62,20,0.998
417,185,61,22,0.998
416,209,63,23,0.998
414,232,65,19,0.998
418,252,59,17,0.998
417,272,56,18,0.998
417,293,56,17,0.998
419,314,55,18,0.998
418,335,57,18,0.998
417,355,56,21,0.998
416,375,57,21,0.998
418,397,52,19,0.998
419,418,55,19,0.998
420,439,50,18,0.998
418,459,51,19,0.998
420,480,53,20,0.998
515,78,127,28,998,000,000.00
517,106,126,20,996,004,000.00
516,126,120,19,994,011,992.00
515,145,128,22,992,023,968.02
516,168,127,19,990,039,920.08
517,187,125,23,988,059,840.24
518,210,120,18,986,083,720.56
517,229,123,25,984,111,553.12
516,252,119,17,982,143,330.01
516,269,120,22,980,179,043.35
516,291,121,18,978,218,685.27
517,309,117,23,976,262,247.89
518,332,116,23,974,309,723.40
520,355,115,19,972,361,103.95
520,374,116,21,970,416,381.74
520,396,119,21,968,475,548.98
517,416,120,23,966,538,597.88
518,440,117,18,964,605,520.69
516,459,122,19,962,676,309.65
516,480,121,22,960,750,957.03
