9,45,374,84,
389,46,186,70,Computer Game Playing
576,46,145,69,Television Viewing
9,131,155,49,Parameter (%TST)
166,132,221,51,Basal Conditions, Mean (SD)
391,126,133,63,Mean (SD)
528,130,43,58,P
573,132,104,57,Mean (SD)
682,129,42,64,P
15,209,74,29,Stage 1
14,239,77,31,Stage 2
14,272,75,27,Stage 3
13,301,79,26,Stage 4
14,331,77,25,SWS
15,361,73,32,REM
221,210,113,30,2.88 (1.91)
220,241,117,26,42.79 (7.45)
220,269,120,27,10.29 (2.46)
220,297,119,31,23.20 (5.14)
220,329,118,33,33.49 (5.14)
220,362,118,34,20.85 (6.25)
402,206,101,33,2.30 (0.81)
402,241,104,27,46.91 (4.63)
403,269,101,30,9.41 (3.28)
403,300,100,32,19.40 (4.12)
404,333,102,30,28.81 (4.54)a
405,364,102,28,21.98 (5.07)
522,210,55,28,.749
524,241,50,25,.140
526,269,47,28,.999
526,300,50,27,.304
525,330,53,25,.026
524,357,52,36,.998
582,209,96,31,2.93 (1.44)
583,242,96,26,45.00 (5.99)
584,270,88,28,8.27 (2.38)
584,299,91,30,21.51 (4.02)
584,331,92,25,29.78 (4.47)
586,360,92,32,22.29 (4.44)
682,209,42,27,.628
681,238,42,25,.998
682,268,42,28,.999
682,298,40,28,.997
683,329,40,24,.999
684,359,43,36,.998
